01
00
02
00
28
02
01
18
02
00
02
03
28
01
20
03
00
02
05
2a
01
00
04
00
02
02
29
02
00
00
05
00
02
00
28
02
00
18
06
00
02
03
28
01
02
07
00
02
00
2a
11
55
43
48
4f
4e
20
30
31
20
20
20
20
20
20
20
20
20
08
00
02
03
28
01
02
09
00
02
01
2a
02
c8
00
0a
00
02
03
28
01
02
0b
00
02
04
2a
08
06
00
06
00
64
00
2c
01
0c
00
02
00
28
02
0a
18
0d
00
02
03
28
01
02
0e
00
02
50
2a
07
02
8a
24
66
82
01
00
0f
00
02
00
28
02
f0
ff
10
00
02
03
28
01
12
11
00
02
f1
ff
0e
00
00
00
00
00
00
00
00
00
00
00
00
00
00
12
00
02
02
29
02
00
00
13
00
02
03
28
01
08
14
00
02
f2
ff
0e
00
00
00
00
00
00
00
00
00
00
00
00
00
00
00
00