01
00
02
00
28
02
01
18
02
00
02
03
28
01
20
03
00
02
05
2a
01
00
04
00
02
02
29
02
00
00
05
00
02
00
28
02
00
18
06
00
02
03
28
01
02
07
00
02
00
2a
13
43
68
69
70
73
65
61
2d
42
4c
45
20
20
20
20
20
20
20
20
08
00
02
03
28
01
02
09
00
02
01
2a
02
c1
03
0a
00
02
03
28
01
02
0b
00
02
04
2a
08
06
00
06
00
64
00
2c
01
0c
00
02
00
28
02
0a
18
0d
00
02
03
28
01
02
0e
00
02
50
2a
07
02
8a
24
66
82
01
00
0f
00
02
00
28
02
12
18
10
00
02
03
28
01
06
11
00
02
4e
2a
01
01
12
00
02
03
28
01
12
13
00
02
4d
2a
02
00
00
14
00
02
02
29
02
00
00
15
00
02
08
29
02
02
01
16
00
02
03
28
01
12
17
00
02
4d
2a
02
00
00
18
00
02
02
29
02
00
00
19
00
02
08
29
02
03
01
1a
00
02
03
28
01
02
1b
00
02
4b
2a
1b
05
0c
09
01
a1
01
85
02
09
e9
09
ea
09
e2
09
30
15
01
25
0c
75
10
95
01
81
00
c0
1c
00
02
03
28
01
02
1d
00
02
4a
2a
04
11
01
00
01
1e
00
02
03
28
01
04
1f
00
02
4c
2a
01
00
20
00
02
00
28
02
0f
18
21
00
02
03
28
01
12
22
00
02
19
2a
01
63
00
00