01
00
02
00
28
02
00
18
02
00
02
03
28
01
0a
03
00
02
00
2a
14
00
00
00
00
00
00
00
00
00
00
00
00
00
00
00
00
00
00
00
00
04
00
02
03
28
01
02
05
00
02
01
2a
02
c2
03
06
00
02
03
28
01
02
07
00
02
04
2a
08
06
00
06
00
64
00
2c
01
08
00
02
00
28
02
01
18
09
00
02
03
28
01
20
0a
00
02
05
2a
00
0b
00
02
02
29
02
00
00
0c
00
02
00
28
02
0a
18
0d
00
02
03
28
01
02
0e
00
02
29
2a
06
59
69
43
68
69
70
0f
00
02
03
28
01
02
10
00
02
50
2a
07
02
35
12
22
aa
01
00
11
00
02
00
28
02
12
18
12
00
02
03
28
01
06
13
00
02
4e
2a
01
01
14
00
02
03
28
01
12
15
00
02
4d
2a
08
00
00
00
00
00
00
00
00
16
00
02
02
29
02
00
00
17
00
02
08
29
02
02
01
18
00
02
03
28
01
1a
19
00
02
4d
2a
07
00
00
00
00
00
00
00
1a
00
02
02
29
02
00
00
1b
00
02
08
29
02
01
01
1c
00
02
03
28
01
12
1d
00
02
4d
2a
02
00
00
1e
00
02
02
29
02
00
00
1f
00
02
08
29
02
03
01
20
00
02
03
28
01
12
21
00
02
4d
2a
02
00
00
22
00
02
02
29
02
00
00
23
00
02
08
29
02
04
01
24
00
02
03
28
01
0e
25
00
02
4d
2a
02
00
00
26
00
02
08
29
02
02
02
27
00
02
03
28
01
02
28
00
02
4b
2a
bd
05
01
09
02
a1
01
85
01
09
01
a1
00
05
09
19
01
29
08
15
00
25
01
75
01
95
08
81
02
05
01
09
30
09
31
16
01
f8
26
ff
07
75
10
95
02
81
06
09
38
15
81
25
7f
75
08
95
01
81
06
05
0c
0a
38
02
95
01
81
06
c0
c0
05
01
09
06
a1
01
85
02
75
01
95
08
05
07
19
e0
29
e7
15
00
25
01
81
02
95
01
75
08
81
03
95
05
75
01
05
08
19
01
29
05
91
02
95
01
75
03
91
03
95
06
75
08
15
00
26
ff
00
05
07
19
00
29
ff
81
00
c0
05
0c
09
01
a1
01
85
03
19
00
2a
ff
03
15
00
26
ff
03
95
01
75
10
81
00
c0
05
01
09
80
A1
01
85
04
15
00
25
01
75
01
95
03
19
81
29
83
81
02
95
01
75
05
81
03
C0
29
00
02
03
28
01
1a
2a
00
02
33
2a
08
00
00
00
00
00
00
00
00
2b
00
02
02
29
02
01
00
2c
00
02
03
28
01
02
2d
00
02
4a
2a
04
01
01
00
03
2e
00
02
00
28
02
0f
18
2f
00
02
03
28
01
12
30
00
02
19
2a
01
64
31
00
02
02
29
02
00
00
32
00
02
03
28
01
04
33
00
02
4c
2a
00
00
00
