#device option
mem_device_option:04

#spp uuid
mem_uuid_list:
04
10
02
12
00
01
00
00
01
00
01
00
01
36
00
5a
09
00
00
0a
00
01
00
01
09
00
01
35
03
19
12
00
09
00
04
35
0d
35
06
19
01
00
09
00
01
35
03
19
00
01
09
00
05
35
03
19
10
02
09
00
09
35
08
35
06
19
12
00
09
01
00
09
02
00
09
01
03
09
02
01
09
05
ac
09
02
02
09
02
39
09
02
03
09
06
44
09
02
04
28
01
09
02
05
09
00
02
03
11
01
00
03
01
00
00
01
00
03
36
00
4e
09
00
00
0a
00
01
00
03
09
00
01
35
03
19
11
01
09
00
02
0a
00
00
00
00
09
00
04
35
0c
35
03
19
01
00
35
05
19
00
03
08
01
09
00
05
35
03
19
10
02
09
00
06
35
09
09
65
6e
09
00
6a
09
01
00
09
01
00
25
0a
53
50
50
20
73
6c
61
76
65
00
00
00
01
